bias_0: 000, 000, 000, 003, 000, 000, 002, 000, 000, 000, 000, 000, 000, 003, 000, 000, 
before_sbox_mask_0: 000F006000000200
after_sbox_mask_0: 0004001000000400
before_rotation_mask_0_: 0400100000000004
after_rotation_mask_0_: 0008000800000008
after_blockxor_mask_0_: 0008000000000000

bias_1: 000, 000, 000, 003, 000, 000, 000, 000, 000, 000, 000, 000, 000, 000, 000, 000, 
before_sbox_mask_1: 0008000000000000
after_sbox_mask_1: 0008000000000000
before_rotation_mask_1_: 0800000000000000
after_rotation_mask_1_: 0010000000000000
after_blockxor_mask_1_: 0010001000000000

bias_2: 000, 000, 003, 000, 000, 000, 003, 000, 000, 000, 000, 000, 000, 000, 000, 000, 
before_sbox_mask_2: 0010001000000000
after_sbox_mask_2: 0080008000000000
before_rotation_mask_2_: 8000800000000000
after_rotation_mask_2_: 0100004000000000
after_blockxor_mask_2_: 0100014000400040
