bias_0: 000, 000, 000, 002, 000, 000, 000, 000, 000, 000, 000, 000, 000, 000, 000, 003, 
before_sbox_mask_0: 000D00000000000F
after_sbox_mask_0: 0004000000000003
before_rotation_mask_0_: 0400000000000300
after_rotation_mask_0_: 0008000000000600
after_blockxor_mask_0_: 0008000806000600

bias_1: 000, 000, 000, 003, 000, 000, 000, 003, 000, 002, 000, 000, 000, 003, 000, 000, 
before_sbox_mask_1: 0008000806000600
after_sbox_mask_1: 0008000C01000300
before_rotation_mask_1_: 08000C0000010003
after_rotation_mask_1_: 0010000600100006
after_blockxor_mask_1_: 0000000600100000

bias_2: 000, 000, 000, 000, 000, 000, 000, 002, 000, 000, 002, 000, 000, 000, 000, 000, 
before_sbox_mask_2: 0000000600100000
after_sbox_mask_2: 0000000600300000
before_rotation_mask_2_: 0000060030000000
after_rotation_mask_2_: 0000000300030000
after_blockxor_mask_2_: 0003000000000003

bias_3: 000, 000, 000, 003, 000, 000, 000, 000, 000, 000, 000, 000, 000, 000, 000, 003, 
before_sbox_mask_3: 0003000000000003
after_sbox_mask_3: 0003000000000003
before_rotation_mask_3_: 0300000000000300
after_rotation_mask_3_: 0006000000000600
after_blockxor_mask_3_: 0006000606000600

bias_4: 000, 000, 000, 003, 000, 000, 000, 003, 000, 002, 000, 000, 000, 003, 000, 000, 
before_sbox_mask_4: 0006000606000600
after_sbox_mask_4: 000B000C01000300
before_rotation_mask_4_: 0B000C0000010003
after_rotation_mask_4_: 0016000600100006
after_blockxor_mask_4_: 0006000000100000

bias_5: 000, 000, 000, 003, 000, 000, 000, 000, 000, 000, 003, 000, 000, 000, 000, 000, 
before_sbox_mask_5: 0006000000100000
after_sbox_mask_5: 0004000000800000
before_rotation_mask_5_: 0400000080000000
after_rotation_mask_5_: 0008000000080000
after_blockxor_mask_5_: 0000000000080000

bias_6: 000, 000, 000, 000, 000, 000, 000, 000, 000, 000, 000, 002, 000, 000, 000, 000, 
before_sbox_mask_6: 0000000000080000
after_sbox_mask_6: 0000000000070000
before_rotation_mask_6_: 0000000007000000
after_rotation_mask_6_: 0000000070000000
after_blockxor_mask_6_: 7000700070000000
