bias_0: 000, 002, 000, 000, 000, 000, 000, 000, 000, 000, 000, 002, 000, 000, 000, 002,
before_sbox_mask_0: 0D0000000006000B
after_sbox_mask_0: 0800000000010008
before_rotation_mask_0_: 0008000001000800
after_rotation_mask_0_: 1000000010001000
after_blockxor_mask_0_: 0000000000001000

bias_1: 000, 000, 000, 000, 000, 000, 000, 000, 000, 000, 000, 000, 002, 000, 000, 000,
before_sbox_mask_1: 0000000000001000
after_sbox_mask_1: 0000000000003000
before_rotation_mask_1_: 0000000000000030
after_rotation_mask_1_: 0000000000000060
after_blockxor_mask_1_: 0000000000600060

bias_2: 000, 000, 000, 000, 000, 000, 000, 000, 000, 000, 002, 000, 000, 000, 002, 000,
before_sbox_mask_2: 0000000000600060
after_sbox_mask_2: 0000000000100060
before_rotation_mask_2_: 0000000010006000
after_rotation_mask_2_: 000000000001C000
after_blockxor_mask_2_: 00010001C001C000
