bias_0: 000, 000, 000, 000, 000, 000, 000, 002, 000, 000, 002, 000, 000, 000, 000, 000, 
before_sbox_mask_0: 0000000D00F00000
after_sbox_mask_0: 0000000200100000
before_rotation_mask_0_: 0000020010000000
after_rotation_mask_0_: 0000000100010000
after_blockxor_mask_0_: 0001000000000001

bias_1: 000, 000, 000, 002, 000, 000, 000, 000, 000, 000, 000, 000, 000, 000, 000, 002, 
before_sbox_mask_1: 0001000000000001
after_sbox_mask_1: 0007000000000003
before_rotation_mask_1_: 0700000000000300
after_rotation_mask_1_: 000E000000000600
after_blockxor_mask_1_: 000E000E06000600

bias_2: 000, 000, 000, 003, 000, 000, 000, 003, 000, 002, 000, 000, 000, 002, 000, 000, 
before_sbox_mask_2: 000E000E06000600
after_sbox_mask_2: 0008000401000100
before_rotation_mask_2_: 0800040000010001
after_rotation_mask_2_: 0010000200100002
after_blockxor_mask_2_: 0000000200100000

bias_3: 000, 000, 000, 000, 000, 000, 000, 002, 000, 000, 002, 000, 000, 000, 000, 000, 
before_sbox_mask_3: 0000000200100000
after_sbox_mask_3: 0000000E00700000
before_rotation_mask_3_: 00000E0070000000
after_rotation_mask_3_: 0000000700070000
after_blockxor_mask_3_: 0007000000000007

bias_4: 000, 000, 000, 002, 000, 000, 000, 000, 000, 000, 000, 000, 000, 000, 000, 003, 
before_sbox_mask_4: 0007000000000007
after_sbox_mask_4: 0001000000000003
before_rotation_mask_4_: 0100000000000300
after_rotation_mask_4_: 0002000000000600
after_blockxor_mask_4_: 0002000206000600

bias_5: 000, 000, 000, 003, 000, 000, 000, 003, 000, 002, 000, 000, 000, 003, 000, 000, 
before_sbox_mask_5: 0002000206000600
after_sbox_mask_5: 000B000C01000300
before_rotation_mask_5_: 0B000C0000010003
after_rotation_mask_5_: 0016000600100006
after_blockxor_mask_5_: 0006000000100000

bias_6: 000, 000, 000, 002, 000, 000, 000, 000, 000, 000, 003, 000, 000, 000, 000, 000, 
before_sbox_mask_6: 0006000000100000
after_sbox_mask_6: 0006000000C00000
before_rotation_mask_6_: 06000000C0000000
after_rotation_mask_6_: 000C0000000C0000
after_blockxor_mask_6_: 00000000000C0000

bias_7: 000, 000, 000, 000, 000, 000, 000, 000, 000, 000, 000, 002, 000, 000, 000, 000, 
before_sbox_mask_7: 00000000000C0000
after_sbox_mask_7: 0000000000070000
before_rotation_mask_7_: 0000000007000000
after_rotation_mask_7_: 0000000070000000
after_blockxor_mask_7_: 7000700070000000
